00 ff ff ff ff ff ff 00 0e 6f 16 14 00 00 00 00
00 20 01 04 b5 1e 13 78 03 21 15 a8 53 49 9c 25
0f 50 54 00 00 00 01 01 01 01 01 01 01 01 01 01
01 01 01 01 01 01 ce 87 40 a0 b0 08 6a 70 30 20
36 00 2d bc 10 00 00 18 00 00 00 fd 00 28 78 e5
e5 46 01 0a 20 20 20 20 20 20 00 00 00 fe 00 43
53 4f 54 20 54 33 0a 20 20 20 20 20 00 00 00 fe
00 4d 4e 45 30 30 37 5a 41 31 2d 35 0a 20 01 af

70 13 79 00 00 03 01 14 9a 0f 01 05 3f 0b 9f 00
2f 00 1f 00 07 07 69 00 02 00 05 00 00 00 00 00
00 00 00 00 00 00 00 00 00 00 00 00 00 00 00 00
00 00 00 00 00 00 00 00 00 00 00 00 00 00 00 00
00 00 00 00 00 00 00 00 00 00 00 00 00 00 00 00
00 00 00 00 00 00 00 00 00 00 00 00 00 00 00 00
00 00 00 00 00 00 00 00 00 00 00 00 00 00 00 00
00 00 00 00 00 00 00 00 00 00 00 00 00 00 f8 90
